0
80.3251
79.5874
78.3957
78.2978
78.3906


1
58.8231 
58.9064 
59.094 
58.9402 
58.8809 
2
30.5478 
30.1625 
30.5248 
30.2631 
30.5211 
4
15.8211 
15.8303 
15.7866 
16.0164 
15.8368 
6
10.8784 
10.8559 
10.8901 
11.0065 
10.8104 
8
8.27718 
8.24253 
8.22825 
8.18587 
8.16736 
10
6.61854 
6.62951 
6.57966 
6.65549 
6.55834 
12
5.54452 
5.49832 
5.53151 
5.51644 
5.50091 
14
4.70424 
4.72448 
4.69803 
4.71252 
4.72039 
16
4.14111 
4.15381 
4.21089 
4.17977 
4.18218 
18
3.73259 
3.75353 
3.71721 
3.74447 
3.69145 
20
3.37069 
3.3536
3.34336 
3.34851 
3.38644 
22
3.09742 
3.04028 
3.05332 
3.04315 
3.03719 
24
2.8203 
2.82259 
2.84271 
2.81236 
2.81776 
26
2.68953 
2.67662 
2.60779 
2.61772 
2.60317 
28
2.52335 
2.51505 
2.53641 
2.51561 
2.52102 