1
59.1657
58.8016
58.7195
58.7398
58.9248
2
30.453
30.5603
30.3358
30.7795
30.8258
4
16.1465
15.6899
15.8875
15.6323
15.9965
6
10.8548
10.9557
11.0305
10.9294
10.8598
8
8.29154
8.2379 
8.22468
8.28872
8.22067
10
6.63814
6.61255
6.65841
6.59752
6.64023
12
5.54226
5.55749
5.51621
5.48658
5.48653
14
4.77363
4.70558
4.74832
4.73136
4.72866
16
4.16849
4.15463
4.1597
4.18217
4.20835
18
3.67761
3.71918
3.68458
3.69942
3.70371
20
3.42759
3.37311
3.34026
3.33995
3.35105
22
3.08784
3.05804
3.04971
3.07517
3.02957
24
2.82208
2.79999
2.79122
2.79933
2.82131
26
2.62644
2.58696
2.63794
2.63272
2.62234
28
2.54665
2.51136
2.51726
2.50717
2.54707