1
61.6888
60.6497
60.6431
61.7158
60.5516
2
30.9994
31.2239
30.6996
30.7005
30.7134
4
15.8121
15.7618
15.7024
15.8154
15.853
6
11.1309
11.1895
11.2306
11.1684
11.1306
8
8.59726
8.51434
8.5153
8.57714
8.54987
10
6.88783
6.83306
6.85691
6.85491
6.8866
12
5.77738
5.72026
5.71279
5.74196
5.77038
14
4.91728
4.97297
4.92682
4.8878
4.92101
16
4.37419
4.377
4.34787
4.35037
4.33058
18
3.92827
3.90022
3.88836
3.82771
3.87747
20
3.54861
3.50284
3.57206
3.54092
3.5542
22
3.24615
3.21226
3.26621
3.2143
3.27037
24
2.96508
3.02088
2.9678
2.97289
3.00143
26
2.7768
2.75958
2.83802
2.81003
2.7314
28
2.64465
2.6481
2.58786
2.62132
2.68119