1
132.172
130.72
131.974
130.704
132.018
2
65.8237
65.4395
66.6465
66.757
65.5676
4
34.3123
34.6678
34.2922
34.7132
34.7239
6
24.3231
24.5295
24.2857
24.3203
24.3493
8
18.6894
19.1023
18.6722
18.8188
18.7176
10
14.8396
14.9433
14.6662
14.6962
14.7481
12
13.0757
13.0166
13.0895
13.0882
13.3429
14
11.649
11.6993
11.5892
11.5214
11.5903
16
10.2644
10.3682
10.1377
10.1433
10.1591
18
8.87307
8.89378
8.94226
9.02645
8.98301
20
7.70528
7.74334
7.74949
7.68373
7.78815
22
7.5273
7.55176
7.49627
7.52167
7.58968
24
7.30288
7.26821
7.44602
7.34076
7.41751
26
6.26556
6.17571
6.21951
6.33061
6.25639
28
6.16474
6.09384
6.33667
6.09668
6.13713