1
128.255
128.337
128.273
128.434

2
64.288
64.4768
64.1222
64.35
64.137

4
33.8572
33.8295
33.9547
33.6842
33.7678

6
23.9201
23.889
23.817
23.9006
23.8445

8
18.4294
18.3218
18.3219
18.4718
18.3828

10
14.4251
14.3656
14.6011
14.3895
14.412

12
12.7825
12.7472
12.742
12.748
12.7407

14
11.2508
11.2597
11.2632
11.3085
11.2677

16
9.92288
9.97
9.90255
9.87152
9.92303

18
8.82581
8.81939
8.79869
8.69097
8.80545

20
7.58941
7.6687
7.62826
7.58644
7.62899

22
7.34418
7.38746
7.37496
7.32889
7.35872

24
7.20097
7.0844
7.13828
7.10517
7.13771


26
6.034
6.0363
6.11074
6.1067
6.21159


28
6.0362
6.00973
5.89753
6.01433
6.024

