1 1
65.8303
65.5902
65.8179
65.7545
65.5197
1 2
45.1366
45.3194
45.0852
45.0913
45.0692
1 4
28.2732
28.2686
28.122
28.3865
28.1553
1 6
21.4683
21.3154
21.4783
21.3776
21.5315
1 8
17.1622
17.225
17.238
17.1607
17.1595
1 10
14.2916
14.3341
14.3285
14.3065
14.2807
1 12
11.865
11.752
11.9308
11.847
11.8502
1 14
10.5595
10.4175
10.4118
10.4841
10.3987
1 16
9.07532
9.1095
9.07629
9.0816
8.99117
2 1
45.4028
44.8405
44.8181
45.0939
45.0481
2 2
34.4503
34.635
34.7649
34.3383
34.412
2 4
24.139
23.9753
24.0046
24.3516
24.372
2 6
18.8734
18.7559
18.7678
18.7329
18.7621
2 8
14.9088
14.8505
14.8036
15.4801
14.8701
2 10
13.2444
13.1494
13.0441
13.0783
13.0767
2 12
11.5562
11.5253
11.7561
11.8694
11.4952
2 14
10.2092
10.1195
10.173
10.2274
10.4325
2 16
8.90228
8.93689
8.90378
8.86021
9.0714
4 1
29.1367
28.4237
28.8504
28.789
28.3716
4 2
24.4727
23.9541
24.3851
24.3258
24.3382
4 4
18.7142
18.9365
18.7135
18.742
18.6953
4 6
14.6562
14.8153
14.7401
14.6594
14.6392
4 8
13.4474
13.1075
13.1314
13.0273
13.1116
4 10
11.498
11.491
11.485
11.4493
11.5421
4 12
10.2998
10.1706
10.2828
10.3255
10.2031
4 14
9.16734
8.95087
8.96342
8.95651
8.93728
4 16
7.57645
7.60906
7.76633
7.59802
7.65793
6 1
21.4885
21.4846
21.4556
21.5653
21.4811
6 2
18.8066
18.7133
18.8039
18.8157
18.6394
6 4
14.6828
14.7344
14.8154
14.872
14.6763
6 6
13.0783
13.0453
12.9925
13.0277
13.2261
6 8
11.5476
11.5384
11.6115
11.5365
11.5581
6 10
10.193
10.3182
10.2502
10.3887
10.1964
6 12
8.98698
8.88438
9.1124
8.87226
8.84407
6 14
7.68057
7.68908
7.71168
7.7175
7.72311
6 16
7.45638
7.49121
7.47491
7.5288
7.52055
8 1
17.2365
17.249
17.1947
17.1891
17.1838
8 2
14.8481
14.6982
14.8217
14.6467
14.79
8 4
13.0231
13.0464
13.1583
13.0661
13.0368
8 6
11.4922
11.547
11.7711
11.4798
11.5367
8 8
10.3332
10.1404
10.1366
10.2554
10.1338
8 10
8.98889
8.90516
8.90997
8.94198
8.88884
8 12
7.64572
7.63296
7.66767
7.75859
7.69997
8 14
7.52265
7.52374
7.48442
7.47956
7.46963
8 16
7.26776
7.3681
7.31083
7.40755
7.27414
10 1
14.369
14.3881
14.3935
14.3108
14.3258
10 2
13.1362
13.043
12.9812
13.1129
13.1487
10 4
11.6192
11.4942
11.6001
11.7791
11.5244
10 6
10.1818
10.5895
10.1943
10.2406
10.2549
10 8
8.96945
8.89807
8.93415
8.92272
8.86779
10 10
7.76579
7.84947
7.757
7.67269
7.67309
10 12
7.51194
7.47879
7.4144
7.51492
7.54379
10 14
7.39819
7.29188
7.31566
7.34857
7.28951
10 16
6.20664
6.28176
6.33115
6.26218
6.2417
