2 2.06170834353662 2.13634545048984 2.09991054379054
4 3.90515567560104 3.81881529425664 3.62478825957067
6 5.74069117306601 6.00763670397069 5.49534012324207
8 7.23956508593176 7.23672001276116 7.1525033490944
10 8.81984584568294 9.0198699850412 8.7851015546388
12 10.357830733789 10.8615500376223 10.3331140439149
14 11.9234969726032 12.4137980695047 11.8922393161904
16 13.7278930859584 14.6118570706687 13.7414806543054
18 13.7536983765893 15.9558297891095 15.5663980906711
20 16.4393560298863 17.3493438941566 16.9561565918571
22 18.342064518221 19.310830777437 18.3720247693995
24 19.8562895927602 20.3562500351426 20.1102168488384
26 21.1715809541632 22.6544726385282 22.2345599100505
